customer_id,frequency,recency,monetary,predicted_purchases,predicted_monetary,predicted_clv
1001,7,51,90,6.4,92.82,594.05
1002,4,81,450,4.51,426.64,1924.15
1003,13,133,125,14.88,117.29,1745.28
1004,11,285,426,12.52,461.63,5779.61
1005,8,138,95,9.34,87.43,816.6
1006,13,184,209,11.71,209.25,2450.32
1007,5,330,129,5.51,121.8,671.12
1008,7,273,359,6.89,325.9,2245.45
1009,10,340,135,11.37,122.47,1392.48
1010,3,69,141,3.27,131.84,431.12
1011,7,34,197,7.77,211.45,1642.97
1012,11,262,210,11.69,200.86,2348.05
1013,11,53,251,9.58,273.61,2621.18
1014,8,205,473,8.14,480.72,3913.06
1015,5,126,465,5.97,459.11,2740.89
1016,4,235,291,4.7,295.66,1389.6
1017,8,43,402,6.54,403.34,2637.84
1018,8,240,51,6.93,53.64,371.73
1019,3,111,274,2.56,262.08,670.92
1020,6,249,338,6.54,328.07,2145.58
1021,5,151,282,5.64,304.23,1715.86
1022,2,183,463,1.77,504.34,892.68
1023,8,336,466,8.02,502.59,4030.77
1024,12,95,126,13.64,123.97,1690.95
1025,14,8,165,15.3,174.25,2666.02
1026,6,360,203,6.1,202.04,1232.44
1027,2,184,455,2.07,454.78,941.39
1028,12,281,152,12.04,143.02,1721.96
1029,5,195,243,4.6,247.43,1138.18
1030,1,352,215,1.03,201.5,207.54
1031,12,195,408,12.91,394.26,5089.9
1032,10,155,139,11.49,148.87,1710.52
1033,6,93,223,6.33,209.94,1328.92
1034,13,160,171,14.36,156.33,2244.9
1035,12,61,192,10.37,175.45,1819.42
1036,9,122,155,8.86,168.66,1494.33
1037,1,51,424,0.8,424.59,339.67
1038,11,277,477,9.89,468.36,4632.08
1039,11,5,354,12.0,376.01,4512.12
1040,10,92,409,11.97,436.47,5224.55
1041,12,170,366,10.08,353.72,3565.5
1042,12,317,172,11.53,178.66,2059.95
1043,14,22,439,15.68,462.8,7256.7
1044,14,326,58,12.34,59.79,737.81
1045,14,1,311,14.31,289.33,4140.31
1046,3,133,122,3.28,131.17,430.24
1047,12,233,408,12.56,411.19,5164.55
1048,7,12,272,6.13,260.17,1594.84
1049,4,346,465,3.77,458.05,1726.85
1050,9,46,90,10.02,81.68,818.43
1051,3,34,419,3.07,387.82,1190.61
1052,5,78,253,4.01,266.44,1068.42
1053,3,218,313,3.31,281.7,932.43
1054,7,301,377,5.7,370.71,2113.05
1055,5,73,227,5.49,228.02,1251.83
1056,9,282,397,7.93,361.64,2867.81
1057,7,249,367,8.28,401.72,3326.24
1058,2,47,133,1.89,125.71,237.59
1059,4,121,367,3.72,352.63,1311.78
1060,9,214,160,7.74,153.73,1189.87
1061,12,239,300,11.07,283.82,3141.89
1062,14,56,432,16.11,388.93,6265.66
1063,2,350,56,2.4,58.57,140.57
1064,10,107,133,9.47,145.42,1377.13
1065,9,319,257,8.81,242.83,2139.33
1066,10,48,437,10.89,451.25,4914.11
1067,5,61,439,5.77,460.24,2655.58
1068,2,337,363,2.07,388.3,803.78
1069,4,26,71,3.83,69.9,267.72
1070,12,292,459,11.58,440.91,5105.74
1071,12,257,432,12.94,416.91,5394.82
1072,7,8,52,5.61,54.21,304.12
1073,12,113,176,12.57,187.15,2352.48
1074,13,355,346,12.25,323.97,3968.63
1075,8,253,237,8.94,230.88,2064.07
1076,3,180,411,2.51,444.04,1114.54
1077,14,207,63,14.49,66.86,968.8
1078,1,303,61,0.99,66.92,66.25
1079,4,127,136,4.23,142.92,604.55
1080,2,56,61,1.65,59.7,98.5
1081,8,214,446,8.26,454.08,3750.7
1082,4,14,74,4.1,76.38,313.16
1083,2,28,350,2.05,320.49,657.0
1084,14,78,292,14.58,294.6,4295.27
1085,6,216,171,6.42,178.16,1143.79
1086,6,154,196,6.73,182.96,1231.32
1087,10,14,104,9.08,109.84,997.35
1088,4,187,287,4.52,291.81,1318.98
1089,6,312,405,6.0,441.63,2649.78
1090,13,7,222,10.8,201.68,2178.14
1091,2,3,441,1.65,420.3,693.5
1092,10,111,270,9.34,275.48,2572.98
1093,12,238,168,13.37,161.16,2154.71
1094,2,363,358,2.17,373.35,810.17
1095,10,239,232,11.15,244.02,2720.82
1096,14,274,337,14.1,310.21,4373.96
1097,4,294,356,3.9,356.99,1392.26
1098,14,227,349,12.03,349.62,4205.93
1099,8,15,131,7.45,127.58,950.47
1100,14,192,451,13.63,490.05,6679.38
1101,7,119,260,5.85,277.03,1620.63
1102,12,28,199,10.66,206.85,2205.02
1103,9,202,86,9.35,89.69,838.6
1104,14,39,401,15.32,397.93,6096.29
1105,8,273,361,9.59,391.4,3753.53
1106,5,231,410,5.87,425.96,2500.39
1107,13,86,108,13.74,112.95,1551.93
1108,2,126,180,1.94,193.02,374.46
1109,5,300,461,5.27,440.17,2319.7
1110,8,25,251,8.91,266.41,2373.71
1111,10,145,292,8.47,274.2,2322.47
1112,9,13,84,8.68,81.4,706.55
1113,12,212,494,13.63,477.76,6511.87
1114,12,25,142,11.44,155.59,1779.95
1115,12,68,487,12.34,521.73,6438.15
1116,13,67,496,13.46,515.96,6944.82
1117,9,233,256,7.86,267.63,2103.57
1118,13,109,402,12.28,406.99,4997.84
1119,13,146,440,12.14,479.34,5819.19
1120,1,111,381,0.81,380.71,308.38
1121,9,228,354,7.29,345.54,2518.99
1122,7,111,399,7.93,372.11,2950.83
1123,9,34,262,8.18,277.0,2265.86
1124,8,111,208,8.06,217.75,1755.06
1125,1,264,491,0.92,479.64,441.27
1126,12,236,494,14.12,447.09,6312.91
1127,8,83,73,7.23,77.95,563.58
1128,8,42,453,7.77,408.73,3175.83
1129,11,101,342,12.64,355.93,4498.96
1130,3,6,53,3.41,57.98,197.71
1131,1,180,269,0.87,265.65,231.12
1132,8,282,413,8.97,391.11,3508.26
1133,3,320,431,2.95,448.66,1323.55
1134,3,226,69,2.98,73.38,218.67
1135,1,315,493,0.85,497.58,422.94
1136,11,229,201,9.15,219.77,2010.9
1137,5,289,99,5.46,90.12,492.06
1138,10,150,226,9.99,226.22,2259.94
1139,7,277,484,6.82,505.15,3445.12
1140,10,198,145,10.92,155.52,1698.28
1141,9,70,154,9.96,144.12,1435.44
1142,12,112,469,10.36,497.14,5150.37
1143,7,4,299,7.31,302.15,2208.72
1144,9,350,166,7.69,162.57,1250.16
1145,8,331,403,8.8,373.32,3285.22
1146,12,318,277,12.75,297.24,3789.81
1147,2,350,115,2.37,107.12,253.87
1148,1,95,384,0.83,369.39,306.59
1149,7,152,467,5.76,447.39,2576.97
1150,7,311,469,6.39,503.84,3219.54
1151,14,137,311,12.67,321.74,4076.45
1152,8,247,344,7.19,364.41,2620.11
1153,5,243,475,5.81,451.29,2621.99
1154,3,31,292,2.7,299.29,808.08
1155,12,40,420,10.91,426.03,4647.99
1156,8,229,235,8.83,250.64,2213.15
1157,6,36,295,5.88,318.96,1875.48
1158,11,223,174,12.22,157.02,1918.78
1159,3,6,317,2.48,328.03,813.51
1160,1,322,180,1.0,163.87,163.87
1161,3,220,286,2.44,288.79,704.65
1162,5,75,67,4.13,64.15,264.94
1163,14,4,89,16.28,85.56,1392.92
1164,3,335,70,2.57,67.94,174.61
1165,1,134,448,1.01,458.87,463.46
1166,5,118,274,4.82,264.91,1276.87
1167,10,94,404,9.39,422.8,3970.09
1168,7,62,331,8.12,324.68,2636.4
1169,14,194,57,11.32,52.08,589.55
1170,7,335,149,7.46,157.46,1174.65
1171,11,203,289,13.04,276.62,3607.12
1172,9,26,136,9.22,134.17,1237.05
1173,10,173,347,11.75,359.87,4228.47
1174,10,300,477,8.21,461.02,3784.97
1175,12,133,63,11.61,57.41,666.53
1176,13,326,383,11.75,373.34,4386.74
1177,3,118,51,3.28,55.53,182.14
1178,7,324,424,8.35,436.02,3640.77
1179,1,275,342,0.9,353.73,318.36
1180,4,212,374,4.25,383.89,1631.53
1181,13,225,471,11.43,442.65,5059.49
1182,4,20,90,4.1,88.53,362.97
1183,14,113,367,13.8,385.42,5318.8
1184,5,140,365,5.94,335.9,1995.25
1185,7,47,430,7.3,410.9,2999.57
1186,7,1,160,6.58,152.84,1005.69
1187,13,90,63,10.99,62.14,682.92
1188,11,142,280,9.47,306.9,2906.34
1189,13,320,133,11.57,121.5,1405.76
1190,4,38,179,3.6,179.67,646.81
1191,13,293,280,14.82,262.04,3883.43
1192,7,139,375,7.17,410.3,2941.85
1193,11,356,194,11.1,179.0,1986.9
1194,3,333,428,2.54,419.75,1066.16
1195,6,259,394,6.86,412.75,2831.46
1196,12,161,77,13.07,80.15,1047.56
1197,2,178,115,1.65,113.22,186.81
1198,10,10,212,10.83,205.49,2225.46
1199,13,261,278,13.23,272.31,3602.66
1200,14,138,310,11.66,295.39,3444.25
1201,9,172,498,8.85,468.65,4147.55
1202,5,13,473,4.97,471.4,2342.86
1203,6,168,489,5.2,466.36,2425.07
1204,12,130,213,14.14,203.95,2883.85
1205,12,84,350,13.68,360.97,4938.07
1206,12,321,456,12.81,498.73,6388.73
1207,12,319,352,11.82,359.3,4246.93
1208,4,101,336,3.86,307.57,1187.22
1209,14,329,444,14.85,406.31,6033.7
1210,14,273,59,14.25,64.33,916.7
1211,11,265,244,9.07,234.11,2123.38
1212,10,38,167,10.05,153.38,1541.47
1213,7,94,319,7.86,325.32,2557.02
1214,12,95,129,11.8,132.19,1559.84
1215,9,305,142,7.39,146.22,1080.57
1216,7,69,315,7.8,300.35,2342.73
1217,14,318,381,12.33,344.05,4242.14
1218,1,236,399,0.9,436.11,392.5
1219,1,334,410,0.87,389.57,338.93
1220,9,137,306,8.39,316.77,2657.7
1221,11,76,182,12.13,189.52,2298.88
1222,14,35,325,14.11,332.15,4686.64
1223,9,1,313,7.94,301.29,2392.24
1224,4,296,220,4.6,209.93,965.68
1225,13,320,50,14.97,50.98,763.17
1226,9,60,362,10.33,388.51,4013.31
1227,3,320,113,2.69,123.1,331.14
1228,7,349,423,6.86,389.66,2673.07
1229,6,328,333,7.16,310.01,2219.67
1230,8,267,170,8.87,185.12,1642.01
1231,11,361,156,8.92,163.38,1457.35
1232,9,229,470,7.43,506.0,3759.58
1233,14,270,224,13.8,210.68,2907.38
1234,5,316,253,5.82,257.43,1498.24
1235,1,286,214,1.02,222.61,227.06
1236,3,291,354,3.0,366.75,1100.25
1237,10,213,169,8.42,165.9,1396.88
1238,12,165,93,12.75,83.99,1070.87
1239,8,5,361,9.03,366.99,3313.92
1240,11,339,205,10.47,194.88,2040.39
1241,6,78,416,6.66,411.86,2742.99
1242,8,62,256,9.49,279.43,2651.79
1243,9,132,439,7.93,430.14,3411.01
1244,4,89,157,4.04,167.67,677.39
1245,1,237,300,0.91,281.31,255.99
1246,14,42,494,15.64,511.04,7992.67
1247,1,89,453,1.03,496.22,511.11
1248,10,296,419,10.54,385.64,4064.65
1249,4,328,383,4.48,345.34,1547.12
1250,12,295,179,11.5,176.62,2031.13
1251,14,104,342,16.32,314.14,5126.76
1252,7,14,69,7.09,72.43,513.53
1253,2,288,331,1.73,358.44,620.1
1254,3,179,334,3.24,329.59,1067.87
1255,1,125,50,1.12,47.59,53.3
1256,5,353,168,4.63,165.8,767.65
1257,1,23,84,1.14,87.75,100.04
1258,8,63,247,9.3,222.75,2071.58
1259,1,143,294,0.91,299.26,272.33
1260,11,153,108,13.13,110.45,1450.21
1261,1,145,374,0.86,384.3,330.5
1262,2,225,210,1.76,199.16,350.52
1263,2,309,228,1.75,237.76,416.08
1264,12,104,255,13.89,234.16,3252.48
1265,6,104,61,6.37,57.33,365.19
1266,7,39,325,6.03,349.54,2107.73
1267,5,198,230,4.88,240.98,1175.98
1268,1,134,291,1.05,262.7,275.83
1269,1,67,265,0.83,251.66,208.88
1270,3,179,300,3.46,282.86,978.7
1271,14,42,348,15.7,332.05,5213.18
1272,2,15,175,2.0,166.16,332.32
1273,5,111,266,5.93,242.73,1439.39
1274,12,157,355,11.61,352.08,4087.65
1275,10,289,334,11.94,349.55,4173.63
1276,6,231,234,6.4,239.0,1529.6
1277,7,157,88,7.38,91.04,671.88
1278,4,38,272,3.47,249.21,864.76
1279,7,97,233,8.07,254.04,2050.1
1280,11,289,476,10.68,508.22,5427.79
1281,8,254,227,6.92,240.85,1666.68
1282,11,196,456,8.86,485.46,4301.18
1283,1,86,477,1.02,518.28,528.65
1284,6,322,343,6.07,346.04,2100.46
1285,8,10,389,8.7,365.68,3181.42
1286,5,5,200,5.78,204.67,1182.99
1287,4,123,433,3.33,454.03,1511.92
1288,2,330,175,2.19,183.33,401.49
1289,6,353,350,5.25,351.5,1845.38
1290,6,118,357,6.86,326.19,2237.66
1291,11,294,385,12.4,375.08,4650.99
1292,1,159,483,1.02,523.65,534.12
1293,9,303,283,9.76,287.78,2808.73
1294,12,228,429,11.11,432.29,4802.74
1295,11,216,424,10.87,404.4,4395.83
1296,6,184,57,6.77,55.5,375.73
1297,13,15,390,12.79,420.84,5382.54
1298,3,157,178,2.83,183.93,520.52
1299,4,136,313,3.99,330.99,1320.65
1300,12,261,206,13.58,204.12,2771.95
1301,11,157,401,10.27,411.45,4225.59
1302,4,47,407,3.48,386.52,1345.09
1303,3,324,54,3.25,56.22,182.72
1304,10,332,135,11.3,133.05,1503.46
1305,3,173,224,2.52,221.43,558.0
1306,3,130,339,2.69,349.12,939.13
1307,4,95,242,3.43,263.12,902.5
1308,7,115,360,6.57,328.61,2158.97
1309,4,243,168,3.92,178.91,701.33
1310,9,292,267,9.9,255.91,2533.51
1311,1,282,476,1.06,470.66,498.9
1312,8,299,463,8.39,418.73,3513.14
1313,7,283,163,6.59,156.51,1031.4
1314,2,69,194,2.27,194.1,440.61
1315,8,148,75,7.91,68.34,540.57
1316,1,11,185,1.19,184.67,219.76
1317,11,254,352,11.59,382.07,4428.19
1318,12,330,281,10.21,258.82,2642.55
1319,9,360,418,9.63,440.11,4238.26
1320,9,38,125,8.37,122.74,1027.33
1321,2,134,377,2.15,388.7,835.7
1322,7,200,394,5.79,375.11,2171.89
1323,14,23,351,12.18,327.1,3984.08
1324,10,303,338,11.42,315.05,3597.87
1325,3,346,50,2.67,45.7,122.02
1326,7,302,196,7.94,183.68,1458.42
1327,12,363,336,10.94,347.04,3796.62
1328,10,218,191,10.57,205.58,2172.98
1329,9,141,102,9.7,108.41,1051.58
1330,4,104,353,4.02,366.07,1471.6
1331,12,210,118,11.07,108.81,1204.53
1332,1,111,410,0.89,392.71,349.51
1333,2,104,139,1.63,133.71,217.95
1334,1,316,495,0.92,470.25,432.63
1335,14,171,269,14.86,269.81,4009.38
1336,12,356,499,14.1,502.55,7085.96
1337,5,324,241,5.74,234.1,1343.73
1338,5,133,112,5.53,108.72,601.22
1339,11,293,122,12.27,130.02,1595.35
1340,7,328,210,7.46,222.15,1657.24
1341,9,127,218,8.14,209.62,1706.31
1342,9,106,138,10.47,149.42,1564.43
1343,3,92,225,3.2,245.38,785.22
1344,3,287,318,3.07,306.98,942.43
1345,3,51,122,2.53,118.45,299.68
1346,4,29,294,3.92,294.33,1153.77
1347,8,296,126,7.87,137.12,1079.13
1348,6,297,208,6.87,223.65,1536.48
1349,8,214,373,8.15,343.35,2798.3
1350,1,267,147,0.95,143.85,136.66
1351,8,257,430,9.53,434.59,4141.64
1352,4,302,151,3.38,151.09,510.68
1353,11,101,181,10.66,169.92,1811.35
1354,1,346,151,0.82,161.84,132.71
1355,8,110,68,8.77,70.41,617.5
1356,4,182,131,4.67,139.85,653.1
1357,6,313,446,5.47,478.0,2614.66
1358,8,1,328,9.15,344.29,3150.25
1359,4,319,388,3.67,383.28,1406.64
1360,14,55,414,16.3,423.15,6897.34
1361,3,149,380,3.3,354.19,1168.83
1362,14,309,178,15.71,184.18,2893.47
1363,9,137,393,7.26,367.79,2670.16
1364,3,202,359,3.56,372.93,1327.63
1365,9,313,138,9.82,130.54,1281.9
1366,13,117,262,11.98,241.96,2898.68
1367,2,154,192,2.26,179.15,404.88
1368,14,291,114,12.78,102.65,1311.87
1369,2,63,125,2.3,130.47,300.08
1370,2,244,248,1.69,259.53,438.61
1371,6,25,192,6.49,192.57,1249.78
1372,3,90,454,3.05,423.25,1290.91
1373,13,75,452,10.9,414.35,4516.42
1374,9,294,365,8.07,329.9,2662.29
1375,4,210,142,3.22,132.51,426.68
1376,1,347,466,0.99,502.43,497.41
1377,4,17,354,3.68,335.7,1235.38
1378,1,128,273,1.04,265.04,275.64
1379,14,364,340,12.86,313.16,4027.24
1380,5,251,477,4.6,450.51,2072.35
1381,4,179,151,4.39,151.58,665.44
1382,8,182,316,6.55,322.81,2114.41
1383,8,152,404,9.29,383.42,3561.97
1384,7,25,159,7.99,144.94,1158.07
1385,3,180,379,3.2,370.74,1186.37
1386,1,198,499,1.04,472.47,491.37
1387,1,344,479,1.16,452.13,524.47
1388,12,161,314,10.49,342.88,3596.81
1389,11,177,52,9.15,53.21,486.87
1390,3,285,134,2.69,135.52,364.55
1391,6,63,331,6.71,325.42,2183.57
1392,7,150,377,5.7,371.64,2118.35
1393,6,154,353,6.2,355.89,2206.52
1394,14,156,499,16.77,518.6,8696.92
1395,14,49,461,15.99,479.64,7669.44
1396,6,337,166,6.05,155.1,938.35
1397,6,84,270,4.95,270.01,1336.55
1398,13,361,203,14.72,199.43,2935.61
1399,3,177,202,3.12,216.97,676.95
1400,6,148,61,5.08,62.6,318.01
1401,8,118,182,6.7,183.18,1227.31
1402,11,342,353,12.8,325.85,4170.88
1403,11,63,342,11.74,349.23,4099.96
1404,2,189,349,2.26,322.28,728.35
1405,5,360,277,5.76,267.98,1543.56
1406,14,49,320,14.4,297.14,4278.82
1407,1,327,92,1.01,95.53,96.49
1408,12,257,481,11.67,452.74,5283.48
1409,1,224,392,0.93,383.52,356.67
1410,5,141,375,4.87,404.68,1970.79
1411,12,215,351,13.31,330.24,4395.49
1412,13,211,413,13.53,413.64,5596.55
1413,3,318,428,3.47,421.09,1461.18
1414,4,32,476,3.91,430.13,1681.81
1415,3,158,70,3.13,74.1,231.93
1416,1,285,456,1.05,416.7,437.54
1417,1,305,156,1.04,155.2,161.41
1418,12,286,385,12.97,389.67,5054.02
1419,12,144,352,10.74,361.04,3877.57
1420,14,19,166,14.07,172.26,2423.7
1421,13,18,173,10.94,164.46,1799.19
1422,14,257,448,13.35,404.09,5394.6
1423,5,78,330,4.98,344.75,1716.86
1424,6,175,341,6.37,343.43,2187.65
1425,3,194,252,3.54,268.94,952.05
1426,12,113,100,12.48,106.43,1328.25
1427,9,114,320,9.88,341.97,3378.66
1428,5,222,373,5.01,371.89,1863.17
1429,8,166,326,8.43,315.15,2656.71
1430,13,319,190,10.77,201.08,2165.63
1431,1,132,324,0.9,320.84,288.76
1432,14,264,339,13.23,317.54,4201.05
1433,5,55,383,4.94,410.19,2026.34
1434,3,359,430,2.45,462.9,1134.1
1435,12,131,422,10.27,419.16,4304.77
1436,1,288,101,0.91,92.43,84.11
1437,4,266,76,4.75,74.29,352.88
1438,13,162,206,12.12,218.51,2648.34
1439,5,87,288,4.96,311.14,1543.25
1440,7,55,205,6.15,192.84,1185.97
1441,1,288,340,1.04,310.55,322.97
1442,3,178,185,2.74,198.96,545.15
1443,2,349,193,1.77,188.73,334.05
1444,9,8,155,9.06,156.29,1415.99
1445,10,321,469,8.02,512.9,4113.46
1446,6,313,207,4.82,189.06,911.27
1447,10,247,195,8.88,200.78,1782.93
1448,3,323,51,2.44,46.66,113.85
1449,8,255,482,6.75,470.0,3172.5
1450,14,328,126,13.1,133.66,1750.95
1451,8,54,181,8.97,178.59,1601.95
1452,2,249,139,2.06,152.82,314.81
1453,6,239,394,6.03,398.65,2403.86
1454,7,229,399,6.42,384.73,2469.97
1455,2,67,312,2.35,294.53,692.15
1456,11,51,400,10.55,388.04,4093.82
1457,10,97,157,8.35,153.0,1277.55
1458,2,92,123,2.09,112.39,234.9
1459,10,264,88,8.46,85.7,725.02
1460,1,291,446,0.94,442.81,416.24
1461,8,96,208,8.02,217.27,1742.51
1462,1,88,120,1.15,123.76,142.32
1463,9,78,496,8.98,516.71,4640.06
1464,11,288,361,11.89,325.5,3870.2
1465,6,120,290,7.18,273.62,1964.59
1466,7,302,475,5.97,490.36,2927.45
1467,13,165,494,11.83,492.42,5825.33
1468,10,182,347,9.58,312.67,2995.38
1469,7,223,489,6.78,518.78,3517.33
1470,10,311,85,9.64,89.64,864.13
1471,3,7,133,3.49,134.29,468.67
1472,2,330,423,2.17,386.32,838.31
1473,9,263,312,9.39,328.63,3085.84
1474,8,161,359,7.39,365.01,2697.42
1475,13,151,434,14.68,458.47,6730.34
1476,12,85,221,14.18,232.13,3291.6
1477,10,147,425,11.28,450.76,5084.57
1478,7,112,222,5.6,222.8,1247.68
1479,9,36,411,9.49,381.43,3619.77
1480,4,285,96,3.28,99.29,325.67
1481,13,188,428,11.74,438.31,5145.76
1482,4,82,190,3.3,199.21,657.39
1483,1,2,424,1.04,396.01,411.85
1484,8,303,455,8.6,427.24,3674.26
1485,14,197,167,11.84,180.04,2131.67
1486,14,11,326,13.35,342.3,4569.7
1487,12,234,263,11.79,284.47,3353.9
1488,3,195,269,2.84,282.92,803.49
1489,7,119,442,5.94,450.59,2676.5
1490,12,20,75,11.61,77.31,897.57
1491,2,261,58,2.2,62.51,137.52
1492,2,293,320,1.66,325.04,539.57
1493,7,256,59,5.82,60.56,352.46
1494,6,222,427,5.65,397.66,2246.78
1495,3,226,170,3.53,169.11,596.96
1496,9,53,174,9.61,181.53,1744.5
1497,10,355,219,10.71,208.97,2238.07
1498,14,342,121,13.23,113.79,1505.44
1499,13,364,201,13.49,193.52,2610.58
1500,6,280,257,4.82,243.71,1174.68
1501,10,81,98,10.54,92.41,974.0
1502,10,202,203,11.65,199.95,2329.42
1503,6,158,396,6.27,428.3,2685.44
1504,1,120,342,1.15,342.48,393.85
1505,4,59,117,4.36,109.7,478.29
1506,10,215,99,8.48,90.62,768.46
1507,6,128,201,6.97,208.89,1455.96
1508,6,224,68,4.96,66.41,329.39
1509,11,209,149,11.15,158.59,1768.28
1510,12,115,109,10.28,112.48,1156.29
1511,5,209,216,4.02,228.8,919.78
1512,1,14,251,0.97,239.55,232.36
1513,8,9,394,7.34,409.16,3003.23
1514,5,40,195,4.97,185.8,923.43
1515,12,237,452,12.37,491.69,6082.21
1516,12,281,213,9.81,218.81,2146.53
1517,12,359,488,10.19,470.87,4798.17
1518,5,201,291,5.12,277.59,1421.26
1519,7,246,118,6.56,110.71,726.26
1520,4,278,224,4.37,232.72,1016.99
1521,6,235,98,6.37,92.49,589.16
1522,13,4,157,14.8,159.99,2367.85
1523,4,154,275,4.31,262.05,1129.44
1524,14,29,210,13.61,216.8,2950.65
1525,3,109,168,3.21,178.58,573.24
1526,7,98,198,6.37,209.01,1331.39
1527,8,215,199,7.38,209.38,1545.22
1528,4,293,481,4.46,450.96,2011.28
1529,13,75,342,12.72,313.85,3992.17
1530,2,326,192,2.24,199.64,447.19
1531,12,146,468,13.55,455.68,6174.46
1532,10,128,209,11.43,206.17,2356.52
1533,14,341,60,16.33,54.37,887.86
1534,3,42,187,2.92,178.01,519.79
1535,1,356,127,0.93,115.16,107.1
1536,8,41,126,8.26,135.56,1119.73
1537,3,34,490,2.85,464.85,1324.82
1538,12,17,303,12.49,306.47,3827.81
1539,10,165,458,10.82,415.77,4498.63
1540,7,153,307,7.53,317.24,2388.82
1541,10,76,369,9.5,355.94,3381.43
1542,5,87,340,4.33,367.06,1589.37
1543,10,117,312,9.72,336.22,3268.06
1544,5,362,134,4.29,129.32,554.78
1545,14,342,195,16.18,210.64,3408.16
1546,7,27,372,6.57,408.91,2686.54
1547,9,313,91,7.76,96.92,752.1
1548,12,287,423,9.72,452.18,4395.19
1549,5,134,174,5.29,165.27,874.28
1550,1,219,216,1.05,219.31,230.28
1551,10,168,474,9.36,432.98,4052.69
1552,10,98,290,8.29,266.51,2209.37
1553,1,268,329,0.96,361.83,347.36
1554,2,237,237,1.85,228.78,423.24
1555,14,309,351,14.99,368.42,5522.62
1556,6,173,68,6.25,72.17,451.06
1557,9,190,117,8.51,125.38,1066.98
1558,8,122,267,7.1,293.57,2084.35
1559,13,46,151,15.54,143.19,2225.17
1560,5,64,91,4.91,82.63,405.71
1561,1,130,337,1.08,331.01,357.49
1562,13,310,216,11.13,200.02,2226.22
1563,7,363,158,6.96,142.91,994.65
1564,5,193,85,4.06,82.63,335.48
1565,6,307,281,6.01,296.95,1784.67
1566,13,181,278,15.41,281.68,4340.69
1567,7,292,402,6.68,386.95,2584.83
1568,3,282,213,2.45,219.57,537.95
1569,12,29,436,9.75,412.63,4023.14
1570,10,149,122,9.55,110.15,1051.93
1571,3,267,185,2.59,194.78,504.48
1572,5,296,402,4.05,411.95,1668.4
1573,6,11,428,6.61,450.45,2977.47
1574,9,164,119,8.85,108.03,956.07
1575,13,113,474,11.9,505.96,6020.92
1576,14,187,245,16.24,250.86,4073.97
1577,12,295,318,10.16,322.03,3271.82
1578,5,232,98,5.91,100.44,593.6
1579,1,227,365,0.93,391.6,364.19
1580,14,310,179,16.18,182.11,2946.54
1581,14,98,493,14.58,500.98,7304.29
1582,14,55,54,15.83,59.3,938.72
1583,4,111,477,4.77,501.49,2392.11
1584,5,152,76,4.58,75.12,344.05
1585,12,246,209,14.21,217.67,3093.09
1586,10,69,198,9.56,193.61,1850.91
1587,10,312,313,9.54,296.03,2824.13
1588,5,289,279,4.68,284.4,1330.99
1589,7,250,249,7.12,270.32,1924.68
1590,4,36,99,3.45,107.5,370.88
1591,1,239,116,1.02,112.33,114.58
1592,14,148,349,14.23,350.93,4993.73
1593,14,227,430,15.47,405.2,6268.44
1594,5,244,107,5.67,117.61,666.85
1595,7,337,308,6.83,337.64,2306.08
1596,10,201,391,9.21,402.69,3708.77
1597,10,154,375,9.04,397.83,3596.38
1598,6,73,179,5.27,186.7,983.91
1599,5,201,264,4.12,268.92,1107.95
1600,4,296,221,3.75,201.26,754.72
1601,2,17,307,1.82,304.22,553.68
1602,4,129,151,4.75,156.28,742.33
1603,10,217,258,10.23,267.16,2733.05
1604,10,61,340,9.39,331.37,3111.56
1605,3,104,403,3.1,438.6,1359.66
1606,10,42,335,8.56,312.71,2676.8
1607,1,25,165,0.98,165.01,161.71
1608,8,39,313,8.4,324.95,2729.58
1609,5,291,199,4.98,206.85,1030.11
1610,13,131,349,12.49,359.37,4488.53
1611,4,229,491,4.79,468.93,2246.17
1612,8,108,85,9.22,79.16,729.86
1613,7,172,382,7.35,392.39,2884.07
1614,2,102,336,2.06,342.67,705.9
1615,1,354,352,1.05,329.43,345.9
1616,12,12,360,10.57,374.77,3961.32
1617,11,275,257,10.54,254.7,2684.54
1618,4,101,155,3.26,160.2,522.25
1619,8,44,495,7.92,528.4,4184.93
1620,12,305,207,12.21,193.33,2360.56
1621,2,17,170,1.78,153.65,273.5
1622,3,330,104,3.56,109.81,390.92
1623,12,57,449,13.97,458.85,6410.13
1624,1,311,61,1.09,63.44,69.15
1625,1,303,194,1.01,207.12,209.19
1626,13,12,449,14.92,476.19,7104.75
1627,3,318,445,2.56,486.02,1244.21
1628,11,80,185,12.28,186.33,2288.13
1629,5,216,52,4.25,51.88,220.49
1630,12,339,193,13.41,189.21,2537.31
1631,3,264,79,2.73,73.53,200.74
1632,1,149,286,1.15,290.15,333.67
1633,1,81,328,1.18,313.37,369.78
1634,8,215,397,6.88,430.45,2961.5
1635,10,198,164,9.85,166.73,1642.29
1636,11,200,153,13.12,155.84,2044.62
1637,12,25,167,11.92,162.15,1932.83
1638,13,89,54,14.89,49.16,731.99
1639,13,268,409,13.46,370.7,4989.62
1640,12,143,297,11.4,292.45,3333.93
1641,14,59,413,12.8,378.69,4847.23
1642,2,26,370,1.76,377.91,665.12
1643,13,47,170,14.36,182.95,2627.16
1644,3,288,335,2.86,360.66,1031.49
1645,2,266,198,2.01,204.3,410.64
1646,3,16,133,2.99,125.32,374.71
1647,7,199,455,7.22,488.03,3523.58
1648,1,282,280,1.15,301.62,346.86
1649,10,86,337,11.92,316.55,3773.28
1650,8,250,210,7.7,219.97,1693.77
1651,13,270,321,14.7,307.29,4517.16
1652,10,335,87,11.06,92.27,1020.51
1653,10,117,275,10.29,302.35,3111.18
1654,10,7,191,11.82,173.05,2045.45
1655,14,137,341,12.32,368.1,4534.99
1656,2,176,200,1.69,204.91,346.3
1657,3,328,163,3.42,178.43,610.23
1658,9,315,286,8.78,284.0,2493.52
1659,7,215,115,7.97,122.99,980.23
1660,4,82,410,4.63,374.12,1732.18
1661,10,223,390,8.25,377.15,3111.49
1662,5,103,307,5.77,280.41,1617.97
1663,2,273,298,1.96,326.33,639.61
1664,13,14,498,13.05,529.57,6910.89
1665,11,159,380,11.56,406.79,4702.49
1666,13,152,372,15.22,404.58,6157.71
1667,8,108,229,6.46,210.0,1356.6
1668,4,188,239,3.96,233.53,924.78
1669,9,301,456,9.68,416.88,4035.4
1670,5,98,203,5.45,191.26,1042.37
1671,13,131,245,14.0,231.74,3244.36
1672,9,293,360,7.68,357.78,2747.75
1673,4,171,311,3.68,296.6,1091.49
1674,10,183,468,9.43,430.65,4061.03
1675,5,364,455,5.61,424.74,2382.79
1676,9,39,476,8.2,442.42,3627.84
1677,8,15,192,7.07,210.17,1485.9
1678,3,4,391,3.55,411.28,1460.04
1679,1,349,365,0.8,399.15,319.32
1680,3,210,150,3.6,148.19,533.48
1681,4,161,293,4.28,280.01,1198.44
1682,2,16,61,2.26,64.64,146.09
1683,1,108,288,0.92,277.99,255.75
1684,7,311,98,5.64,94.07,530.55
1685,8,227,91,8.76,86.13,754.5
1686,7,170,215,7.94,199.08,1580.7
1687,14,34,131,15.35,124.62,1912.92
1688,5,251,478,4.29,464.17,1991.29
1689,12,247,340,13.22,351.83,4651.19
1690,1,269,207,1.11,188.89,209.67
1691,7,141,265,7.44,249.66,1857.47
1692,13,274,207,14.38,219.79,3160.58
1693,7,96,183,7.97,170.08,1355.54
1694,9,227,116,9.41,112.35,1057.21
1695,3,39,385,2.51,413.08,1036.83
1696,9,302,56,8.96,52.14,467.17
1697,14,29,485,11.63,444.53,5169.88
1698,1,318,63,0.96,62.81,60.3
1699,1,245,122,0.96,117.18,112.49
1700,14,236,448,11.57,453.68,5249.08
1701,4,185,454,3.76,481.59,1810.78
1702,9,272,212,7.6,196.62,1494.31
1703,6,236,115,6.74,116.86,787.64
1704,13,239,396,15.33,396.44,6077.43
1705,11,266,179,9.12,166.26,1516.29
1706,3,359,468,3.55,479.61,1702.62
1707,1,340,255,1.01,243.46,245.89
1708,4,65,325,3.68,324.21,1193.09
1709,12,177,305,9.97,279.52,2786.81
1710,13,3,315,13.0,312.45,4061.85
1711,9,142,74,10.06,71.14,715.67
1712,3,158,499,3.25,531.17,1726.3
1713,12,324,330,9.84,300.76,2959.48
1714,9,146,302,7.46,297.08,2216.22
1715,7,293,359,6.73,356.02,2396.01
1716,12,153,338,11.02,353.21,3892.37
1717,14,193,213,12.5,216.16,2702.0
1718,4,73,144,3.65,148.82,543.19
1719,3,305,319,3.36,336.68,1131.24
1720,10,344,370,11.72,396.8,4650.5
1721,5,140,159,4.81,153.08,736.31
1722,5,187,385,5.81,387.93,2253.87
1723,3,293,359,2.79,383.42,1069.74
1724,12,61,287,11.89,315.09,3746.42
1725,9,198,430,8.01,463.5,3712.64
1726,4,295,485,4.22,472.53,1994.08
1727,11,319,436,13.11,409.42,5367.5
1728,5,302,474,5.21,472.99,2464.28
1729,4,344,439,3.77,460.22,1735.03
1730,5,11,74,5.3,73.89,391.62
1731,7,62,190,5.94,189.36,1124.8
1732,9,333,166,10.4,177.23,1843.19
1733,7,226,441,7.01,428.78,3005.75
1734,13,153,454,12.74,486.67,6200.18
1735,5,199,74,5.17,72.62,375.45
1736,10,52,128,10.5,123.6,1297.8
1737,10,260,117,8.29,115.92,960.98
1738,7,59,222,7.51,233.65,1754.71
1739,14,72,493,12.55,456.12,5724.31
1740,10,148,61,10.86,57.3,622.28
1741,5,349,337,5.65,367.43,2075.98
1742,3,63,177,3.36,165.51,556.11
1743,7,310,145,7.15,146.96,1050.76
1744,13,243,141,13.1,143.24,1876.44
1745,11,330,190,9.43,189.61,1788.02
1746,11,107,80,12.21,82.32,1005.13
1747,2,226,383,1.82,362.3,659.39
1748,12,313,69,11.98,69.73,835.37
1749,9,218,195,8.22,190.01,1561.88
1750,10,241,365,8.54,376.8,3217.87
1751,10,259,496,10.52,460.41,4843.51
1752,12,262,439,9.86,445.22,4389.87
1753,1,5,209,1.1,195.84,215.42
1754,13,261,398,12.05,380.38,4583.58
1755,6,54,92,4.8,86.82,416.74
1756,7,47,303,7.03,283.78,1994.97
1757,14,215,179,11.46,190.66,2184.96
1758,13,177,109,11.84,104.33,1235.27
1759,8,9,200,8.66,217.08,1879.91
1760,10,99,336,8.25,367.58,3032.54
1761,9,20,54,10.22,54.77,559.75
1762,2,241,467,1.6,433.66,693.86
1763,11,61,315,9.89,307.1,3037.22
1764,10,178,394,10.96,417.46,4575.36
1765,2,338,179,1.85,174.25,322.36
1766,5,62,431,4.2,395.4,1660.68
1767,13,145,316,12.27,319.59,3921.37
1768,5,216,227,4.54,242.67,1101.72
1769,6,3,302,6.82,319.87,2181.51
1770,3,160,464,2.78,433.85,1206.1
1771,8,227,105,8.92,108.63,968.98
1772,13,269,132,15.04,124.62,1874.28
1773,1,120,442,0.97,417.09,404.58
1774,6,89,148,6.98,159.07,1110.31
1775,4,329,198,3.8,188.09,714.74
1776,1,68,378,1.19,360.1,428.52
1777,7,357,205,5.85,184.53,1079.5
1778,9,98,239,9.67,256.72,2482.48
1779,13,267,420,12.97,444.58,5766.2
1780,4,105,312,3.82,319.95,1222.21
1781,4,323,129,4.21,135.46,570.29
1782,6,123,449,6.49,417.75,2711.2
1783,12,29,301,9.62,298.49,2871.47
1784,3,137,146,2.6,141.66,368.32
1785,13,195,309,14.11,283.9,4005.83
1786,12,226,309,12.8,308.14,3944.19
1787,6,332,152,7.12,164.79,1173.3
1788,7,170,89,7.73,80.81,624.66
1789,11,9,322,12.98,308.57,4005.24
1790,10,40,150,10.81,141.23,1526.7
1791,10,25,408,9.19,386.63,3553.13
1792,3,261,429,2.53,464.04,1174.02
1793,7,226,357,7.79,354.72,2763.27
1794,14,124,270,14.81,268.18,3971.75
1795,3,38,357,2.46,375.61,924.0
1796,13,328,469,12.27,436.59,5356.96
1797,13,251,173,15.38,172.56,2653.97
1798,2,176,471,2.0,464.4,928.8
1799,12,90,280,11.68,285.43,3333.82
1800,14,37,227,13.76,249.68,3435.6
1801,10,316,112,8.84,118.04,1043.47
1802,4,176,165,3.79,161.63,612.58
1803,12,284,240,11.38,255.72,2910.09
1804,8,81,111,6.57,103.69,681.24
1805,13,114,305,14.39,276.36,3976.82
1806,9,40,56,8.7,52.69,458.4
1807,7,301,204,7.9,197.49,1560.17
1808,1,224,141,1.14,141.3,161.08
1809,3,318,63,2.65,64.45,170.79
1810,13,349,278,13.82,300.83,4157.47
1811,12,115,135,11.87,135.27,1605.65
1812,14,186,182,16.13,182.05,2936.47
1813,9,323,232,7.98,211.13,1684.82
1814,12,56,435,12.85,394.54,5069.84
1815,1,40,111,1.04,112.14,116.63
1816,9,354,268,8.26,264.69,2186.34
1817,8,40,454,6.84,484.8,3316.03
1818,1,347,295,1.06,274.98,291.48
1819,6,237,279,6.57,252.49,1658.86
1820,5,289,128,4.63,126.7,586.62
1821,6,262,198,6.35,187.6,1191.26
1822,10,216,187,9.58,170.16,1630.13
1823,12,147,363,13.02,379.31,4938.62
1824,13,336,425,11.44,391.99,4484.37
1825,13,168,472,15.03,482.23,7247.92
1826,13,92,438,11.89,418.82,4979.77
1827,5,353,114,4.74,106.56,505.09
1828,6,59,62,4.94,60.51,298.92
1829,5,59,262,4.22,277.8,1172.32
1830,11,304,291,11.07,284.72,3151.85
1831,12,169,262,10.88,275.14,2993.52
1832,5,269,230,5.67,212.77,1206.41
1833,4,363,387,3.22,408.11,1314.11
1834,3,45,222,2.85,210.32,599.41
1835,3,345,209,2.8,216.42,605.98
1836,4,181,213,3.23,215.8,697.03
1837,9,170,237,7.65,257.34,1968.65
1838,2,356,444,1.93,433.99,837.6
1839,9,191,240,8.97,219.18,1966.04
1840,1,155,454,0.96,410.34,393.93
1841,14,188,357,14.17,380.34,5389.42
1842,1,7,305,1.04,306.51,318.77
1843,5,133,232,4.02,244.77,983.98
1844,6,235,166,5.91,157.18,928.93
1845,6,45,331,7.11,320.74,2280.46
1846,3,314,245,3.02,221.98,670.38
1847,7,249,83,7.5,90.66,679.95
1848,9,31,101,8.32,104.39,868.52
1849,11,23,161,12.21,174.95,2136.14
1850,12,160,301,13.31,286.88,3818.37
1851,10,363,131,10.09,133.92,1351.25
1852,8,158,281,9.52,291.03,2770.61
1853,6,39,276,5.1,265.93,1356.24
1854,12,82,282,9.68,301.63,2919.78
1855,8,356,270,8.86,294.15,2606.17
1856,12,258,485,13.47,522.33,7035.79
1857,5,206,462,4.24,484.09,2052.54
1858,8,77,471,7.25,450.04,3262.79
1859,10,12,91,8.07,87.03,702.33
1860,12,295,70,11.01,76.49,842.15
1861,4,224,91,4.44,82.09,364.48
1862,10,13,446,10.07,465.27,4685.27
1863,8,46,162,7.51,168.68,1266.79
1864,10,155,154,9.49,157.78,1497.33
1865,12,113,241,9.61,264.62,2543.0
1866,2,233,66,1.84,63.52,116.88
1867,12,17,169,12.7,163.59,2077.59
1868,12,360,442,14.28,404.78,5780.26
1869,5,223,474,5.69,468.58,2666.22
1870,9,354,178,7.28,169.49,1233.89
1871,4,188,179,4.64,173.39,804.53
1872,11,344,109,12.25,116.29,1424.55
1873,6,163,97,6.67,105.45,703.35
1874,1,326,78,0.98,73.1,71.64
1875,9,74,146,8.63,142.28,1227.88
1876,1,233,59,0.92,64.06,58.94
1877,5,224,291,4.13,265.5,1096.51
1878,4,319,363,3.57,333.41,1190.27
1879,13,60,493,11.68,459.75,5369.88
1880,12,335,281,11.92,286.35,3413.29
1881,13,222,326,14.29,303.21,4332.87
1882,13,37,333,12.86,364.17,4683.23
1883,14,278,252,11.52,249.31,2872.05
1884,3,196,296,3.55,296.09,1051.12
1885,13,352,339,15.3,321.82,4923.85
1886,6,242,313,6.68,311.18,2078.68
1887,2,324,492,2.39,507.93,1213.95
1888,3,219,263,3.05,276.21,842.44
1889,5,192,249,5.93,261.64,1551.53
1890,9,17,482,7.47,489.51,3656.64
1891,2,12,128,1.89,138.35,261.48
1892,10,193,450,8.9,478.57,4259.27
1893,8,22,493,7.03,518.34,3643.93
1894,14,120,392,11.99,357.16,4282.35
1895,2,210,393,2.1,354.24,743.9
1896,11,306,222,12.24,209.23,2560.98
1897,13,270,118,13.41,121.86,1634.14
1898,5,192,465,4.29,456.74,1959.41
1899,7,175,477,7.87,467.69,3680.72
1900,8,285,498,8.44,536.3,4526.37
1901,1,204,136,0.96,146.76,140.89
1902,6,164,150,6.42,162.28,1041.84
1903,1,251,57,0.9,54.88,49.39
1904,2,227,382,1.88,396.6,745.61
1905,1,7,249,1.17,237.63,278.03
1906,11,29,136,10.08,127.58,1286.01
1907,5,33,92,4.94,86.2,425.83
1908,10,134,434,11.56,420.29,4858.55
1909,9,79,158,9.75,155.79,1518.95
1910,6,58,484,4.95,516.04,2554.4
1911,11,26,457,9.45,422.26,3990.36
1912,11,226,201,8.83,210.44,1858.19
1913,1,285,66,1.05,66.42,69.74
1914,13,4,182,12.73,174.28,2218.58
1915,1,99,197,0.85,196.72,167.21
1916,2,39,326,2.37,312.96,741.72
1917,9,271,281,9.11,286.4,2609.1
1918,3,285,363,2.69,358.2,963.56
1919,1,157,464,1.0,432.86,432.86
1920,5,75,415,5.36,383.18,2053.84
1921,7,288,277,5.81,279.59,1624.42
1922,6,130,188,5.46,203.13,1109.09
1923,12,175,485,13.47,469.86,6329.01
1924,1,84,448,0.98,468.88,459.5
1925,5,22,260,5.09,268.25,1365.39
1926,5,27,440,4.87,477.98,2327.76
1927,6,195,77,4.91,81.94,402.33
1928,3,337,100,2.6,101.33,263.46
1929,5,236,491,4.89,506.42,2476.39
1930,7,92,310,6.19,334.7,2071.79
1931,5,21,310,4.1,303.77,1245.46
1932,5,303,399,5.69,385.18,2191.67
1933,5,357,401,5.96,361.77,2156.15
1934,10,84,57,11.17,60.72,678.24
1935,10,262,369,11.42,391.21,4467.62
1936,3,147,187,2.69,172.21,463.24
1937,1,257,87,1.18,88.34,104.24
1938,5,58,160,4.39,158.85,697.35
1939,14,15,417,16.53,385.2,6367.36
1940,9,162,269,10.78,294.85,3178.48
1941,14,163,386,15.19,363.97,5528.7
1942,1,320,272,1.19,248.46,295.67
1943,3,281,185,3.08,188.51,580.61
1944,13,280,305,11.75,319.57,3754.95
1945,13,12,409,12.67,370.75,4697.4
1946,4,274,458,4.15,472.54,1961.04
1947,14,271,378,11.61,380.44,4416.91
1948,1,208,499,1.05,459.41,482.38
1949,1,27,483,1.19,451.37,537.13
1950,8,72,98,7.01,99.33,696.3
1951,2,60,341,2.23,327.11,729.46
1952,12,145,431,13.96,468.78,6544.17
1953,8,93,373,9.42,396.78,3737.67
1954,7,309,127,8.29,139.28,1154.63
1955,10,8,154,10.09,146.6,1479.19
1956,10,79,218,11.91,238.48,2840.3
1957,2,27,266,2.21,262.34,579.77
1958,6,174,427,5.19,413.98,2148.56
1959,6,50,168,5.94,152.89,908.17
1960,3,199,239,3.26,217.62,709.44
1961,11,349,304,9.89,315.67,3121.98
1962,2,181,419,2.11,415.47,876.64
1963,12,24,315,12.8,297.77,3811.46
1964,1,316,198,0.87,202.51,176.18
1965,6,46,213,6.16,202.47,1247.22
1966,12,15,189,13.3,191.93,2552.67
1967,5,153,396,5.0,384.85,1924.25
1968,14,222,307,11.27,326.87,3683.82
1969,14,206,423,11.25,450.13,5063.96
1970,11,273,318,10.37,316.56,3282.73
1971,9,236,230,10.53,223.14,2349.66
1972,1,340,209,0.89,203.25,180.89
1973,7,228,400,7.38,424.46,3132.51
1974,5,9,449,4.44,433.57,1925.05
1975,5,166,337,4.64,317.39,1472.69
1976,14,319,337,15.95,309.01,4928.71
1977,2,214,429,2.18,426.14,928.99
1978,11,117,275,9.22,274.02,2526.46
1979,3,344,60,2.91,64.09,186.5
1980,7,72,59,5.68,55.71,316.43
1981,6,64,320,5.95,312.38,1858.66
1982,12,205,322,12.78,341.86,4368.97
1983,2,209,473,1.69,503.61,851.1
1984,6,72,451,5.49,440.59,2418.84
1985,2,277,232,1.92,230.1,441.79
1986,2,274,202,2.34,194.05,454.08
1987,2,320,364,2.39,395.49,945.22
1988,14,338,383,11.45,353.79,4050.9
1989,11,95,173,12.15,188.01,2284.32
1990,3,166,163,2.85,168.99,481.62
1991,2,32,327,1.91,329.06,628.5
1992,4,11,463,4.41,419.72,1850.97
1993,9,301,262,10.51,260.72,2740.17
1994,6,217,221,7.08,216.92,1535.79
1995,1,289,337,1.03,314.17,323.6
1996,8,102,484,7.54,499.14,3763.52
1997,12,267,223,13.38,244.01,3264.85
1998,14,214,162,12.61,164.01,2068.17
1999,7,179,425,7.18,443.25,3182.54
2000,10,88,454,9.43,414.82,3911.75
